VIMS Wave [micron], Solar Flux [W/m^2/sr/micron]
8.842100000000000515e-01 3.030357053003827446e+02
9.007530000000000259e-01 2.928138839692073816e+02
9.169239999999999613e-01 2.835029971683381973e+02
9.330779999999999630e-01 2.737914985703647517e+02
9.498029999999999529e-01 2.639123496594274343e+02
9.656829999999999581e-01 2.547758548741121274e+02
9.822619999999999685e-01 2.457817182090088011e+02
9.988200000000000411e-01 2.373781743616762299e+02
1.014790000000000081e+00 2.284115256625546238e+02
1.031320000000000014e+00 2.198963348381099649e+02
1.047549999999999981e+00 2.114449968633441586e+02
1.065409999999999968e+00 2.031996470099917360e+02
1.081830000000000069e+00 1.973434762370548583e+02
1.098060000000000036e+00 1.907367730763550924e+02
1.113960000000000061e+00 1.861051663413264805e+02
1.130239999999999911e+00 1.805326026022566168e+02
1.146949999999999914e+00 1.754817871890292054e+02
1.163699999999999957e+00 1.699277049870846099e+02
1.179959999999999898e+00 1.652327478076190346e+02
1.196220000000000061e+00 1.610806988321642450e+02
1.212460000000000093e+00 1.567265507627516854e+02
1.228590000000000071e+00 1.524185907510648121e+02
1.244920000000000027e+00 1.475817153168380855e+02
1.261660000000000004e+00 1.433838400064285565e+02
1.278129999999999988e+00 1.385805789149408724e+02
1.294820000000000082e+00 1.343107017162964496e+02
1.310910000000000020e+00 1.295447070873400719e+02
1.326950000000000074e+00 1.251415454927037132e+02
1.343239999999999990e+00 1.207578824994827045e+02
1.359520000000000062e+00 1.171687651588078438e+02
1.376949999999999896e+00 1.140092719904639722e+02
1.393259999999999943e+00 1.112913996981060905e+02
1.409399999999999986e+00 1.083896587235817321e+02
1.425570000000000004e+00 1.052571198729824715e+02
1.441840000000000011e+00 1.025431493310267825e+02
1.458409999999999984e+00 1.000187104101506463e+02
1.475139999999999896e+00 9.744764035953183168e+01
1.491689999999999960e+00 9.523314621722674644e+01
1.507940000000000058e+00 9.233999220836874144e+01
1.524210000000000065e+00 9.038332089294833338e+01
1.540350000000000108e+00 8.802362499144066987e+01
1.556740000000000013e+00 8.565031426548968341e+01
1.573609999999999953e+00 8.326499019537500601e+01
1.590179999999999927e+00 8.052680618821158021e+01
1.602279999999999927e+00 7.955997198837387430e+01
1.625229999999999952e+00 7.590180652141712869e+01
1.641599999999999948e+00 7.276329437047321846e+01
1.655669999999999975e+00 7.186390346846707189e+01
1.672379999999999978e+00 6.942265710668657164e+01
1.689009999999999900e+00 6.718787537822313993e+01
1.705359999999999987e+00 6.501246843521532526e+01
1.721749999999999892e+00 6.318049336137509187e+01
1.738019999999999898e+00 6.018540504656709089e+01
1.754359999999999919e+00 5.883173170373230221e+01
1.771050000000000013e+00 5.695376747574094622e+01
1.787709999999999910e+00 5.519611042152074987e+01
1.804009999999999891e+00 5.367341882178293133e+01
1.820040000000000102e+00 5.114409598768234844e+01
1.836160000000000014e+00 5.013687452009026657e+01
1.852880000000000082e+00 4.853451155739715261e+01
1.869329999999999936e+00 4.678425797218147864e+01
1.886789999999999967e+00 4.570053725894342733e+01
1.902609999999999912e+00 4.422693015531768879e+01
1.919159999999999977e+00 4.296076902312857726e+01
1.935449999999999893e+00 4.162328389268587614e+01
1.951910000000000034e+00 4.007612743392610355e+01
1.968709999999999960e+00 3.912153902278329554e+01
1.985309999999999908e+00 3.795788476983116055e+01
2.001669999999999838e+00 3.690589013324144929e+01
2.017809999999999881e+00 3.591374363743335607e+01
2.034240000000000048e+00 3.462991290022476676e+01
2.050910000000000011e+00 3.357088235841621326e+01
2.067569999999999908e+00 3.229249887527513607e+01
2.084000000000000075e+00 3.133499105727806011e+01
2.100340000000000096e+00 3.050270761598962110e+01
2.116670000000000051e+00 2.975617530606437811e+01
2.133370000000000211e+00 2.910639903699309627e+01
2.150180000000000202e+00 2.841590552725427443e+01
2.166519999999999779e+00 2.696387325995645057e+01
2.182879999999999932e+00 2.684532080406239629e+01
2.199199999999999822e+00 2.624312424706134195e+01
2.215910000000000046e+00 2.549102125306940891e+01
2.232819999999999805e+00 2.476232583776268470e+01
2.249519999999999964e+00 2.396474744024219916e+01
2.266220000000000123e+00 2.330918047199708809e+01
2.282379999999999853e+00 2.272756780500345286e+01
2.299209999999999976e+00 2.212236828708808645e+01
2.316120000000000179e+00 2.157028123876947490e+01
2.333250000000000046e+00 2.090187574713175422e+01
2.350429999999999797e+00 2.033638676561210090e+01
2.367649999999999810e+00 1.985405493090655327e+01
2.384720000000000173e+00 1.920512157844098056e+01
2.401559999999999917e+00 1.893878336366818260e+01
2.418200000000000127e+00 1.832124556150152728e+01
2.434709999999999930e+00 1.798866500048445971e+01
2.450969999999999871e+00 1.740572403723740891e+01
2.467229999999999812e+00 1.710587032235029881e+01
2.483600000000000030e+00 1.678231404031184226e+01
2.500020000000000131e+00 1.908121148060359218e+01
2.516589999999999883e+00 1.812554486230482809e+01
2.532919999999999838e+00 1.187377195283390208e+01
2.549160000000000093e+00 9.959424606258048485e+00
2.564369999999999816e+00 1.633414870780118733e+01
2.581760000000000055e+00 1.923999937119372561e+01
2.598069999999999879e+00 1.758080756122360455e+01
2.615079999999999849e+00 1.379474117593681193e+01
2.629999999999999893e+00 5.113433941366920088e+00
2.646500000000000075e+00 1.106108399402936726e+01
2.661459999999999937e+00 1.860942012067385676e+01
2.680849999999999955e+00 1.504231973204006856e+01
2.696200000000000152e+00 1.364031737732904404e+01
2.712050000000000072e+00 1.007578413598960765e+01
2.732699999999999907e+00 8.081562079597517823e+00
2.747700000000000031e+00 1.076914856083736538e+01
2.763049999999999784e+00 1.249568306698896869e+01
2.781179999999999986e+00 1.494117298052693243e+01
2.798890000000000100e+00 1.398634060810502255e+01
2.816059999999999786e+00 1.141042109015578987e+01
2.832469999999999821e+00 8.120846355770439118e+00
2.849540000000000184e+00 7.284207261622806406e+00
2.866089999999999804e+00 9.138043115094157898e+00
2.882420000000000204e+00 1.127891272320064608e+01
2.898779999999999912e+00 1.162424005852041020e+01
2.915399999999999991e+00 9.515108216575958622e+00
2.931430000000000202e+00 7.241179746166373832e+00
2.947259999999999991e+00 7.491588814587031742e+00
2.963270000000000071e+00 9.746793219882183834e+00
2.977199999999999847e+00 9.823209330693300601e+00
3.000719999999999832e+00 1.202260467855306558e+01
3.013819999999999943e+00 7.453990830341197693e+00
3.029700000000000060e+00 6.061571506161306466e+00
3.048059999999999992e+00 6.045312821259823721e+00
3.064459999999999962e+00 8.002831682327066432e+00
3.080360000000000209e+00 9.110255408395602217e+00
3.096890000000000143e+00 8.226197129410248721e+00
3.112130000000000063e+00 5.961473002302438040e+00
3.129620000000000068e+00 5.862081733771169922e+00
3.146669999999999856e+00 6.217744908821044802e+00
3.163040000000000074e+00 7.595517112363696199e+00
3.179739999999999789e+00 7.992258406723705910e+00
3.197080000000000144e+00 7.412406829677300912e+00
3.213639999999999830e+00 5.820858179814783817e+00
3.231500000000000039e+00 5.343798785707929433e+00
3.248060000000000169e+00 5.555195568591032362e+00
3.265610000000000124e+00 5.822894695149270383e+00
3.282979999999999787e+00 6.566749092687894418e+00
3.299459999999999837e+00 6.806427024866071207e+00
3.316190000000000193e+00 6.077133204922066767e+00
3.333380000000000010e+00 4.852838034871625794e+00
3.349810000000000176e+00 4.500567934014549465e+00
3.365639999999999965e+00 5.138108262895523914e+00
3.381829999999999892e+00 6.261745961131574667e+00
3.398719999999999963e+00 5.990615161669031075e+00
3.415459999999999940e+00 5.181327215266625430e+00
3.431779999999999831e+00 4.194306861138668907e+00
3.448739999999999917e+00 3.940381862539900748e+00
3.464749999999999996e+00 4.913782617696062616e+00
3.481370000000000076e+00 5.713296164911420227e+00
3.497949999999999893e+00 5.446095724506003322e+00
3.512840000000000185e+00 3.995145854172679645e+00
3.530149999999999899e+00 3.294932790697720382e+00
3.546640000000000015e+00 4.043797988702365842e+00
3.562739999999999796e+00 4.798248136631029226e+00
3.580340000000000078e+00 5.000856675472757473e+00
3.596099999999999852e+00 4.380841984836092884e+00
3.613869999999999916e+00 4.021342804513168723e+00
3.630850000000000133e+00 3.628104488581440190e+00
3.648530000000000051e+00 3.502101169110269474e+00
3.665220000000000145e+00 3.851132416240329093e+00
3.682830000000000048e+00 4.016831331265721339e+00
3.699530000000000207e+00 3.950693474846185271e+00
3.717429999999999790e+00 3.876667756323688874e+00
3.734389999999999876e+00 3.497231854983619659e+00
3.751030000000000086e+00 3.263011337682079738e+00
3.767630000000000035e+00 3.182421191749220668e+00
3.784440000000000026e+00 3.469878512877144328e+00
3.800829999999999931e+00 3.662703671184909915e+00
3.817419999999999813e+00 3.546206732861471700e+00
3.834719999999999906e+00 3.238307487322353850e+00
3.851410000000000000e+00 2.891860908957710752e+00
3.861839999999999939e+00 3.791470895439152056e+00
3.881670000000000176e+00 3.142418852974412591e+00
3.898590000000000000e+00 3.200978034692849139e+00
3.914779999999999927e+00 3.004758029752185422e+00
3.930689999999999795e+00 2.835700831955561441e+00
3.947620000000000129e+00 2.783390118965867632e+00
3.963750000000000107e+00 2.914077499102655011e+00
3.980150000000000077e+00 2.924115433844491019e+00
3.996719999999999828e+00 2.808907217902076869e+00
4.012800000000000367e+00 2.669832609670641510e+00
4.029440000000000133e+00 2.612431632129201819e+00
4.047299999999999898e+00 2.596021222867659795e+00
4.062949999999999839e+00 2.642966881395053313e+00
4.080860999999999628e+00 2.643475821039914742e+00
4.097430000000000128e+00 2.557714717314397479e+00
4.114499999999999602e+00 2.464810078616388900e+00
4.131829999999999892e+00 2.384802877710989755e+00
4.148830000000000240e+00 2.341196320089082850e+00
4.166439999999999699e+00 2.305209068354722834e+00
4.183199000000000112e+00 2.362203058174783710e+00
4.200099999999999945e+00 2.456496571598135947e+00
4.216999999999999638e+00 2.414254106522159216e+00
4.233699999999999797e+00 2.185950389122837567e+00
4.250499999999999723e+00 2.100584483720997042e+00
4.267299999999999649e+00 2.090296019075051248e+00
4.283999999999999808e+00 2.121587195723022123e+00
4.300600000000000200e+00 2.130817776973509936e+00
4.317101000000000077e+00 2.072536756318924756e+00
4.333599999999999675e+00 1.974680869481787004e+00
4.350200000000000067e+00 1.856373683083144543e+00
4.366500000000000270e+00 1.912756155394045310e+00
4.382900000000000240e+00 1.974838257534943686e+00
4.397929999999999673e+00 1.983900494050135022e+00
4.415370000000000239e+00 1.862229950323496031e+00
4.431720000000000326e+00 1.730877491170577542e+00
4.447720000000000340e+00 1.721386680137634739e+00
4.465729999999999755e+00 1.748345003197167014e+00
4.482400000000000162e+00 1.819961545248537815e+00
4.499511000000000038e+00 1.779681059941797150e+00
4.515909999999999869e+00 1.712865775038203475e+00
4.533789999999999765e+00 1.617917015151459470e+00
4.551870000000000083e+00 1.557112037723299647e+00
4.567969999999999864e+00 1.551038446159653583e+00
4.585560000000000080e+00 1.575950592929293625e+00
4.602899999999999991e+00 1.641213831878750806e+00
4.620099999999999874e+00 1.620853670173465044e+00
4.636149999999999771e+00 1.588830880272988022e+00
4.654160000000000075e+00 1.468237692409091188e+00
4.670340000000000380e+00 1.324393088473648783e+00
4.687210000000000321e+00 1.397746222764245427e+00
4.702899999999999636e+00 1.536721897330169950e+00
4.719560999999999673e+00 1.489751911317799271e+00
4.737059999999999604e+00 1.461224218949615183e+00
4.753510000000000346e+00 1.300637512836315901e+00
4.770310000000000272e+00 1.072644970612467219e+00
4.786730000000000373e+00 1.275830685372464135e+00
4.803490000000000038e+00 1.400919113613185996e+00
4.819520999999999944e+00 1.431465114859851617e+00
4.835771000000000264e+00 1.305589784511975271e+00
4.852920000000000122e+00 1.175846288953777519e+00
4.869400999999999868e+00 1.138168933858487719e+00
4.885530000000000150e+00 1.214158094177691938e+00
4.902650000000000396e+00 1.298076681521178610e+00
4.919831000000000287e+00 1.302130508046875024e+00
4.936850999999999878e+00 1.251441141527194434e+00
4.953890000000000349e+00 1.122553283292631265e+00
4.971779999999999866e+00 1.042363066571738495e+00
4.988959999999999617e+00 1.401650978007998205e+00
5.005760000000000431e+00 1.523896832805510027e+00
5.022400000000000198e+00 4.180421066864346835e-02
5.040780999999999956e+00 1.309793335907822209e+00
5.057339999999999947e+00 1.756762541654115939e+00
5.074019999999999975e+00 2.794709937906923042e-02
5.091059999999999697e+00 1.407287308007255211e+00
5.106799999999999784e+00 1.849508633339540076e+00
5.122499999999999609e+00 1.350693015102116465e-02
